Webots Project File version R2022a
perspectives: 000000ff00000000fd00000002000000000000015d000003d0fc0100000002fb0000001a0043006f006e0073006f006c00650041006c006c0041006c006c01000000000000015d0000006900fffffffb0000001e00480074006d006c0052006f0062006f007400570069006e0064006f0077010000000000000064000000000000000000000001000001a6000003d0fc0200000001fb0000001400540065007800740045006400690074006f00720000000015000003d00000004100ffffff00000621000003d000000001000000020000000100000008fc00000000
simulationViewPerspectives: 000000ff0000000100000002000001450000038e0100000002010000000100
sceneTreePerspectives: 000000ff0000000100000002000000c0000000fc0100000002010000000200
maximizedDockId: -1
centralWidgetVisible: 1
orthographicViewHeight: 1
textFiles: -1
globalOptionalRendering: LidarPointClouds::LidarRaysPaths
consoles: Console:All:All
renderingDevicePerspectives: e-puck:camera;1;1.0125;1.35749e-11;0.00374044
